a1,a2
-2.0,-2.0
-1.99,-1.99
-1.98,-1.98
-1.97,-1.97
-1.96,-1.96
-1.95,-1.95
-1.94,-1.94
-1.93,-1.93
-1.92,-1.92
-1.91,-1.91
-1.9,-1.9
-1.89,-1.89
-1.88,-1.88
-1.87,-1.87
-1.86,-1.86
-1.8499999,-1.8499999
-1.84,-1.84
-1.83,-1.83
-1.82,-1.82
-1.8100001,-1.8100001
-1.8000001,-1.8000001
-1.7900001,-1.7900001
-1.7800001,-1.7800001
-1.77,-1.77
-1.76,-1.76
-1.75,-1.75
-1.74,-1.74
-1.73,-1.73
-1.72,-1.72
-1.71,-1.71
-1.7,-1.7
-1.6899999,-1.6899999
-1.68,-1.68
-1.67,-1.67
-1.66,-1.66
-1.65,-1.65
-1.64,-1.64
-1.63,-1.63
-1.62,-1.62
-1.6099999,-1.6099999
-1.6,-1.6
-1.59,-1.59
-1.58,-1.58
-1.57,-1.57
-1.5600001,-1.5600001
-1.5500001,-1.5500001
-1.5400001,-1.5400001
-1.53,-1.53
-1.52,-1.52
-1.51,-1.51
-1.5,-1.5
-1.49,-1.49
-1.48,-1.48
-1.47,-1.47
-1.46,-1.46
-1.4499999,-1.4499999
-1.44,-1.44
-1.4300001,-1.4300001
-1.4200001,-1.4200001
-1.4100001,-1.4100001
-1.4000001,-1.4000001
-1.3900001,-1.3900001
-1.3800001,-1.3800001
-1.37,-1.37
-1.36,-1.36
-1.35,-1.35
-1.34,-1.34
-1.33,-1.33
-1.32,-1.32
-1.3100001,-1.3100001
-1.3000001,-1.3000001
-1.29,-1.29
-1.28,-1.28
-1.27,-1.27
-1.26,-1.26
-1.25,-1.25
-1.24,-1.24
-1.23,-1.23
-1.22,-1.22
-1.2099999,-1.2099999
-1.2,-1.2
-1.19,-1.19
-1.1800001,-1.1800001
-1.1700001,-1.1700001
-1.1600001,-1.1600001
-1.1500001,-1.1500001
-1.1400001,-1.1400001
-1.13,-1.13
-1.12,-1.12
-1.11,-1.11
-1.1,-1.1
-1.09,-1.09
-1.08,-1.08
-1.07,-1.07
-1.0600001,-1.0600001
-1.05,-1.05
-1.04,-1.04
-1.03,-1.03
-1.02,-1.02
-1.01,-1.01
-0.99999994,-0.99999994
-0.98999995,-0.98999995
-0.97999996,-0.97999996
-0.96999997,-0.96999997
-0.96,-0.96
-0.95,-0.95
-0.94,-0.94
-0.93,-0.93
-0.91999996,-0.91999996
-0.90999997,-0.90999997
-0.9,-0.9
-0.89,-0.89
-0.88,-0.88
-0.87,-0.87
-0.86,-0.86
-0.85,-0.85
-0.84,-0.84
-0.83,-0.83
-0.82,-0.82
-0.81,-0.81
-0.8,-0.8
-0.79,-0.79
-0.78000003,-0.78000003
-0.77000004,-0.77000004
-0.76,-0.76
-0.75,-0.75
-0.74,-0.74
-0.73,-0.73
-0.72,-0.72
-0.71000004,-0.71000004
-0.70000005,-0.70000005
-0.69000006,-0.69000006
-0.68,-0.68
-0.67,-0.67
-0.66,-0.66
-0.65000004,-0.65000004
-0.64,-0.64
-0.63,-0.63
-0.62,-0.62
-0.61,-0.61
-0.59999996,-0.59999996
-0.59,-0.59
-0.58,-0.58
-0.57,-0.57
-0.56,-0.56
-0.55,-0.55
-0.54,-0.54
-0.53000003,-0.53000003
-0.52,-0.52
-0.51,-0.51
-0.5,-0.5
-0.49,-0.49
-0.48,-0.48
-0.47,-0.47
-0.45999998,-0.45999998
-0.45,-0.45
-0.44,-0.44
-0.42999998,-0.42999998
-0.42,-0.42
-0.41,-0.41
-0.4,-0.4
-0.39000002,-0.39000002
-0.38,-0.38
-0.37,-0.37
-0.36,-0.36
-0.35,-0.35
-0.34,-0.34
-0.33,-0.33
-0.32,-0.32
-0.31,-0.31
-0.29999998,-0.29999998
-0.29,-0.29
-0.28,-0.28
-0.26999998,-0.26999998
-0.26,-0.26
-0.25,-0.25
-0.24,-0.24
-0.22999999,-0.22999999
-0.22,-0.22
-0.21,-0.21
-0.19999999,-0.19999999
-0.19,-0.19
-0.17999999,-0.17999999
-0.17,-0.17
-0.16,-0.16
-0.14999999,-0.14999999
-0.14,-0.14
-0.13,-0.13
-0.12,-0.12
-0.11,-0.11
-0.099999994,-0.099999994
-0.089999996,-0.089999996
-0.08,-0.08
-0.07,-0.07
-0.06,-0.06
-0.049999997,-0.049999997
-0.04,-0.04
-0.029999997,-0.029999997
-0.019999998,-0.019999998
-0.009999998,-0.009999998
4.1633363e-17,4.1633363e-17
0.01,0.01
0.02,0.02
0.03,0.03
0.04,0.04
0.05,0.05
0.06,0.06
0.07,0.07
0.08,0.08
0.089999996,0.089999996
0.1,0.1
0.11,0.11
0.12,0.12
0.13,0.13
0.14,0.14
0.14999999,0.14999999
0.16,0.16
0.17,0.17
0.17999999,0.17999999
0.19,0.19
0.2,0.2
0.21,0.21
0.22,0.22
0.22999999,0.22999999
0.24,0.24
0.25,0.25
0.26,0.26
0.26999998,0.26999998
0.28,0.28
0.29,0.29
0.29999998,0.29999998
0.31,0.31
0.32,0.32
0.32999998,0.32999998
0.34,0.34
0.35,0.35
0.35999998,0.35999998
0.37,0.37
0.38,0.38
0.39,0.39
0.4,0.4
0.41,0.41
0.42000002,0.42000002
0.43,0.43
0.44,0.44
0.45000002,0.45000002
0.46,0.46
0.47,0.47
0.48,0.48
0.48999998,0.48999998
0.5,0.5
0.51,0.51
0.52,0.52
0.53,0.53
0.53999996,0.53999996
0.55,0.55
0.56,0.56
0.57,0.57
0.58,0.58
0.59,0.59
0.6,0.6
0.61,0.61
0.62,0.62
0.63,0.63
0.64,0.64
0.65,0.65
0.65999997,0.65999997
0.66999996,0.66999996
0.68,0.68
0.69,0.69
0.7,0.7
0.71,0.71
0.72,0.72
0.73,0.73
0.74,0.74
0.75,0.75
0.76000005,0.76000005
0.77000004,0.77000004
0.78000003,0.78000003
0.79,0.79
0.8,0.8
0.81,0.81
0.82,0.82
0.83,0.83
0.84000003,0.84000003
0.85,0.85
0.86,0.86
0.87,0.87
0.88,0.88
0.89,0.89
0.9,0.9
0.90999997,0.90999997
0.92,0.92
0.93,0.93
0.94,0.94
0.95,0.95
0.96,0.96
0.96999997,0.96999997
0.97999996,0.97999996
0.98999995,0.98999995
1.0,1.0
1.01,1.01
1.02,1.02
1.03,1.03
1.04,1.04
1.05,1.05
1.06,1.06
1.0699999,1.0699999
1.0799999,1.0799999
1.0899999,1.0899999
1.0999999,1.0999999
1.11,1.11
1.12,1.12
1.13,1.13
1.14,1.14
1.15,1.15
1.16,1.16
1.17,1.17
1.18,1.18
1.19,1.19
1.2,1.2
1.21,1.21
1.22,1.22
1.23,1.23
1.24,1.24
1.25,1.25
1.26,1.26
1.2700001,1.2700001
1.28,1.28
1.29,1.29
1.3,1.3
1.31,1.31
1.3199999,1.3199999
1.3299999,1.3299999
1.3399999,1.3399999
1.35,1.35
1.36,1.36
1.37,1.37
1.38,1.38
1.39,1.39
1.4,1.4
1.41,1.41
1.42,1.42
1.4300001,1.4300001
1.44,1.44
1.45,1.45
1.46,1.46
1.47,1.47
1.48,1.48
1.49,1.49
1.5,1.5
1.5100001,1.5100001
1.52,1.52
1.53,1.53
1.54,1.54
1.55,1.55
1.56,1.56
1.5699999,1.5699999
1.5799999,1.5799999
1.59,1.59
1.6,1.6
1.61,1.61
1.62,1.62
1.63,1.63
1.64,1.64
1.65,1.65
1.66,1.66
1.6700001,1.6700001
1.68,1.68
1.6899999,1.6899999
1.6999999,1.6999999
1.7099999,1.7099999
1.7199999,1.7199999
1.7299999,1.7299999
1.7399999,1.7399999
1.75,1.75
1.76,1.76
1.77,1.77
1.78,1.78
1.79,1.79
1.8,1.8
1.81,1.81
1.8199999,1.8199999
1.83,1.83
1.84,1.84
1.85,1.85
1.86,1.86
1.87,1.87
1.88,1.88
1.89,1.89
1.9,1.9
1.9100001,1.9100001
1.92,1.92
1.93,1.93
1.9399999,1.9399999
1.9499999,1.9499999
1.9599999,1.9599999
1.9699999,1.9699999
1.9799999,1.9799999
1.99,1.99
