a1,a2,a3,a4
-2.0,-2.0,-4.7914042,-10.791405
-1.99,-1.99,-4.780019,-10.750019
-1.98,-1.98,-4.656532,-10.596532
-1.97,-1.97,-4.7167907,-10.62679
-1.96,-1.96,-4.911066,-10.791066
-1.95,-1.95,-5.0690236,-10.9190235
-1.94,-1.94,-4.669908,-10.489908
-1.93,-1.93,-5.0786757,-10.868676
-1.92,-1.92,-4.7181606,-10.47816
-1.91,-1.91,-4.6042714,-10.334271
-1.9,-1.9,-4.8373713,-10.537372
-1.89,-1.89,-4.273424,-9.943424
-1.88,-1.88,-4.5255566,-10.165557
-1.87,-1.87,-5.0028815,-10.612882
-1.86,-1.86,-4.292421,-9.872421
-1.8499999,-1.8499999,-4.5428925,-10.092893
-1.84,-1.84,-4.6545033,-10.174503
-1.83,-1.83,-4.732218,-10.2222185
-1.82,-1.82,-4.377142,-9.837142
-1.8100001,-1.8100001,-4.658941,-10.088941
-1.8000001,-1.8000001,-4.6758933,-10.075893
-1.7900001,-1.7900001,-4.310422,-9.680422
-1.7800001,-1.7800001,-4.271065,-9.611066
-1.77,-1.77,-4.743972,-10.053971
-1.76,-1.76,-4.429766,-9.709766
-1.75,-1.75,-4.198512,-9.448512
-1.74,-1.74,-4.5172453,-9.737246
-1.73,-1.73,-4.0575075,-9.247508
-1.72,-1.72,-4.4954267,-9.655426
-1.71,-1.71,-3.9662938,-9.096294
-1.7,-1.7,-4.344236,-9.444236
-1.6899999,-1.6899999,-4.016288,-9.0862875
-1.68,-1.68,-3.9454284,-8.985429
-1.67,-1.67,-3.9551544,-8.965155
-1.66,-1.66,-3.9018598,-8.88186
-1.65,-1.65,-4.282776,-9.232776
-1.64,-1.64,-3.9027672,-8.822767
-1.63,-1.63,-3.7028399,-8.592839
-1.62,-1.62,-3.8032186,-8.6632185
-1.6099999,-1.6099999,-3.8752496,-8.70525
-1.6,-1.6,-3.6198893,-8.419889
-1.59,-1.59,-4.168421,-8.938421
-1.58,-1.58,-3.8602552,-8.600255
-1.57,-1.57,-3.8366027,-8.546602
-1.5600001,-1.5600001,-3.6072369,-8.287237
-1.5500001,-1.5500001,-3.8016126,-8.451612
-1.5400001,-1.5400001,-3.287424,-7.9074244
-1.53,-1.53,-3.2819045,-7.8719044
-1.52,-1.52,-3.6539838,-8.213984
-1.51,-1.51,-3.4270644,-7.957064
-1.5,-1.5,-3.209086,-7.709086
-1.49,-1.49,-3.671287,-8.141287
-1.48,-1.48,-3.4869905,-7.9269905
-1.47,-1.47,-3.1672626,-7.5772624
-1.46,-1.46,-3.122694,-7.502694
-1.4499999,-1.4499999,-3.3589733,-7.7089734
-1.44,-1.44,-3.3410652,-7.6610656
-1.4300001,-1.4300001,-3.1482825,-7.4382825
-1.4200001,-1.4200001,-3.1024055,-7.362406
-1.4100001,-1.4100001,-3.2157917,-7.445792
-1.4000001,-1.4000001,-3.366725,-7.5667253
-1.3900001,-1.3900001,-3.316792,-7.486792
-1.3800001,-1.3800001,-3.2752428,-7.415243
-1.37,-1.37,-2.9937105,-7.1037107
-1.36,-1.36,-3.1755977,-7.2555976
-1.35,-1.35,-3.1728652,-7.2228656
-1.34,-1.34,-2.9751594,-6.9951596
-1.33,-1.33,-3.0585155,-7.048516
-1.32,-1.32,-3.0938513,-7.0538516
-1.3100001,-1.3100001,-2.745469,-6.6754694
-1.3000001,-1.3000001,-2.743617,-6.643617
-1.29,-1.29,-2.8923373,-6.762337
-1.28,-1.28,-2.8115468,-6.6515465
-1.27,-1.27,-2.8507674,-6.6607676
-1.26,-1.26,-2.8635218,-6.643522
-1.25,-1.25,-2.8769524,-6.6269526
-1.24,-1.24,-2.7660182,-6.486018
-1.23,-1.23,-2.5112996,-6.2012997
-1.22,-1.22,-2.1986866,-5.8586864
-1.2099999,-1.2099999,-2.8507679,-6.4807673
-1.2,-1.2,-2.821396,-6.4213963
-1.19,-1.19,-2.7314217,-6.301422
-1.1800001,-1.1800001,-2.8520548,-6.392055
-1.1700001,-1.1700001,-2.588778,-6.0987782
-1.1600001,-1.1600001,-2.8511438,-6.331144
-1.1500001,-1.1500001,-2.4972577,-5.947258
-1.1400001,-1.1400001,-2.4073894,-5.8273897
-1.13,-1.13,-2.380809,-5.7708087
-1.12,-1.12,-2.571502,-5.9315023
-1.11,-1.11,-2.2823474,-5.612347
-1.1,-1.1,-2.166061,-5.466061
-1.09,-1.09,-2.6024497,-5.8724494
-1.08,-1.08,-1.9371042,-5.1771045
-1.07,-1.07,-2.2795823,-5.4895825
-1.0600001,-1.0600001,-2.2649198,-5.44492
-1.05,-1.05,-2.0732837,-5.223284
-1.04,-1.04,-2.3546982,-5.474698
-1.03,-1.03,-2.0990198,-5.1890197
-1.02,-1.02,-2.1076949,-5.1676946
-1.01,-1.01,-2.1759996,-5.2059994
-0.99999994,-0.99999994,-2.036965,-5.036965
-0.98999995,-0.98999995,-2.1296601,-5.09966
-0.97999996,-0.97999996,-1.9633485,-4.9033484
-0.96999997,-0.96999997,-2.030042,-4.9400415
-0.96,-0.96,-1.9922438,-4.872244
-0.95,-0.95,-1.9380561,-4.788056
-0.94,-0.94,-1.6767187,-4.4967184
-0.93,-0.93,-1.8527639,-4.6427636
-0.91999996,-0.91999996,-1.8920856,-4.6520853
-0.90999997,-0.90999997,-1.1688806,-3.8988805
-0.9,-0.9,-1.8340377,-4.5340376
-0.89,-0.89,-1.6809075,-4.3509073
-0.88,-0.88,-2.0045042,-4.644504
-0.87,-0.87,-1.3766748,-3.9866748
-0.86,-0.86,-1.2343067,-3.8143067
-0.85,-0.85,-1.332434,-3.8824344
-0.84,-0.84,-1.2400694,-3.7600694
-0.83,-0.83,-1.3022218,-3.7922218
-0.82,-0.82,-1.1812536,-3.6412537
-0.81,-0.81,-1.3905967,-3.820597
-0.8,-0.8,-1.3778253,-3.7778254
-0.79,-0.79,-0.9431077,-3.313108
-0.78000003,-0.78000003,-1.3889152,-3.7289152
-0.77000004,-0.77000004,-1.2374012,-3.5474014
-0.76,-0.76,-1.1966194,-3.4766192
-0.75,-0.75,-1.4004818,-3.6504817
-0.74,-0.74,-1.3677589,-3.587759
-0.73,-0.73,-1.149983,-3.339983
-0.72,-0.72,-1.2344722,-3.3944724
-0.71000004,-0.71000004,-1.1537552,-3.2837553
-0.70000005,-0.70000005,-0.9763292,-3.0763295
-0.69000006,-0.69000006,-0.9023963,-2.9723964
-0.68,-0.68,-0.83689743,-2.8768973
-0.67,-0.67,-0.8311229,-2.8411229
-0.66,-0.66,-0.53392637,-2.5139265
-0.65000004,-0.65000004,-1.1479074,-3.0979073
-0.64,-0.64,-1.170652,-3.090652
-0.63,-0.63,-0.9939761,-2.883976
-0.62,-0.62,-1.0972618,-2.9572618
-0.61,-0.61,-0.77093935,-2.6009393
-0.59999996,-0.59999996,-0.90865874,-2.7086587
-0.59,-0.59,-0.89687085,-2.6668708
-0.58,-0.58,-0.8459992,-2.5859993
-0.57,-0.57,-0.48426366,-2.1942637
-0.56,-0.56,-0.7192779,-2.399278
-0.55,-0.55,-0.5249988,-2.174999
-0.54,-0.54,-0.84020287,-2.460203
-0.53000003,-0.53000003,-0.6911825,-2.2811828
-0.52,-0.52,-0.3840009,-1.9440008
-0.51,-0.51,-0.7651672,-2.2951672
-0.5,-0.5,-0.68366593,-2.183666
-0.49,-0.49,-0.2859965,-1.7559966
-0.48,-0.48,-0.3996179,-1.8396178
-0.47,-0.47,-0.17417543,-1.5841753
-0.45999998,-0.45999998,-0.6593489,-2.0393488
-0.45,-0.45,-0.18541554,-1.5354154
-0.44,-0.44,-0.10652478,-1.4265248
-0.42999998,-0.42999998,-0.09844844,-1.3884484
-0.42,-0.42,-0.37888038,-1.6388804
-0.41,-0.41,0.12152666,-1.1084733
-0.4,-0.4,0.22100183,-0.9789982
-0.39000002,-0.39000002,-0.30617276,-1.4761728
-0.38,-0.38,-0.108827166,-1.2488271
-0.37,-0.37,-0.1266691,-1.2366691
-0.36,-0.36,-0.16887696,-1.248877
-0.35,-0.35,0.124019355,-0.92598057
-0.34,-0.34,-0.13771987,-1.1577199
-0.33,-0.33,0.59528697,-0.39471304
-0.32,-0.32,-0.11928728,-1.0792873
-0.31,-0.31,0.20826288,-0.72173715
-0.29999998,-0.29999998,0.532153,-0.367847
-0.29,-0.29,-0.009118542,-0.87911856
-0.28,-0.28,0.04068575,-0.79931426
-0.26999998,-0.26999998,-0.074484676,-0.88448465
-0.26,-0.26,0.29559675,-0.48440322
-0.25,-0.25,0.065831855,-0.68416816
-0.24,-0.24,0.26389515,-0.45610482
-0.22999999,-0.22999999,0.55407155,-0.13592836
-0.22,-0.22,0.7923617,0.13236171
-0.21,-0.21,0.28922528,-0.34077471
-0.19999999,-0.19999999,0.623224,0.02322407
-0.19,-0.19,0.43306816,-0.13693184
-0.17999999,-0.17999999,0.4647265,-0.075273454
-0.17,-0.17,0.30014014,-0.20985983
-0.16,-0.16,0.77132356,0.29132357
-0.14999999,-0.14999999,0.8940269,0.44402686
-0.14,-0.14,0.52628434,0.10628429
-0.13,-0.13,0.42328578,0.03328581
-0.12,-0.12,0.40699682,0.04699686
-0.11,-0.11,0.6489542,0.3189542
-0.099999994,-0.099999994,0.68148,0.38147998
-0.089999996,-0.089999996,0.5453998,0.27539983
-0.08,-0.08,0.7446149,0.5046149
-0.07,-0.07,0.77172446,0.5617244
-0.06,-0.06,1.0651541,0.88515407
-0.049999997,-0.049999997,0.5435126,0.39351264
-0.04,-0.04,0.81554425,0.69554424
-0.029999997,-0.029999997,0.92401457,0.8340146
-0.019999998,-0.019999998,0.52529764,0.46529767
-0.009999998,-0.009999998,0.84838843,0.8183884
4.1633363e-17,4.1633363e-17,1.2518396,1.2518396
0.01,0.01,1.230213,1.260213
0.02,0.02,0.964601,1.0246011
0.03,0.03,1.2534888,1.3434887
0.04,0.04,1.4603901,1.5803902
0.05,0.05,1.3341526,1.4841526
0.06,0.06,1.4015659,1.581566
0.07,0.07,1.3152082,1.5252082
0.08,0.08,1.3374742,1.5774742
0.089999996,0.089999996,1.0828949,1.3528949
0.1,0.1,1.4193553,1.7193553
0.11,0.11,1.3145564,1.6445564
0.12,0.12,1.642845,2.002845
0.13,0.13,1.4385681,1.8285681
0.14,0.14,1.3158987,1.7358986
0.14999999,0.14999999,1.7085481,2.1585479
0.16,0.16,1.1571919,1.6371919
0.17,0.17,1.1533396,1.6633396
0.17999999,0.17999999,1.1512078,1.6912078
0.19,0.19,1.3181956,1.8881955
0.2,0.2,1.8334793,2.4334793
0.21,0.21,1.4199687,2.0499687
0.22,0.22,1.5969878,2.2569878
0.22999999,0.22999999,1.6953562,2.3853562
0.24,0.24,2.0501437,2.7701437
0.25,0.25,1.7078599,2.45786
0.26,0.26,1.5591284,2.3391285
0.26999998,0.26999998,1.6394757,2.4494758
0.28,0.28,1.8083421,2.6483421
0.29,0.29,1.6902318,2.5602317
0.29999998,0.29999998,2.1475437,3.0475435
0.31,0.31,1.6773685,2.6073685
0.32,0.32,2.0262747,2.9862747
0.32999998,0.32999998,1.9468346,2.9368346
0.34,0.34,1.8648131,2.884813
0.35,0.35,1.9411875,2.9911873
0.35999998,0.35999998,2.151697,3.2316968
0.37,0.37,2.0903375,3.2003374
0.38,0.38,2.1742048,3.314205
0.39,0.39,2.8484113,4.018411
0.4,0.4,2.1072898,3.3072898
0.41,0.41,1.9569622,3.1869621
0.42000002,0.42000002,1.9003179,3.160318
0.43,0.43,2.259664,3.549664
0.44,0.44,2.1412868,3.4612868
0.45000002,0.45000002,2.3964407,3.746441
0.46,0.46,2.5883079,3.9683077
0.47,0.47,2.8674333,4.2774334
0.48,0.48,2.3029766,3.7429764
0.48999998,0.48999998,2.348153,3.8181531
0.5,0.5,2.6197443,4.1197443
0.51,0.51,2.478741,4.008741
0.52,0.52,2.7397528,4.2997527
0.53,0.53,2.7537441,4.343744
0.53999996,0.53999996,2.611264,4.231264
0.55,0.55,2.8676717,4.517672
0.56,0.56,2.699046,4.379046
0.57,0.57,2.6909566,4.4009566
0.58,0.58,3.0039573,4.743957
0.59,0.59,2.792708,4.562708
0.6,0.6,2.9151642,4.7151647
0.61,0.61,2.7093277,4.5393276
0.62,0.62,3.1022143,4.9622145
0.63,0.63,2.9672728,4.8572726
0.64,0.64,2.929878,4.8498783
0.65,0.65,2.6639106,4.6139107
0.65999997,0.65999997,3.0987897,5.0787897
0.66999996,0.66999996,3.3005064,5.310506
0.68,0.68,3.1004038,5.1404037
0.69,0.69,2.7976017,4.8676014
0.7,0.7,3.0999706,5.1999707
0.71,0.71,3.1455338,5.2755337
0.72,0.72,2.977976,5.137976
0.73,0.73,3.3751695,5.56517
0.74,0.74,3.495271,5.715271
0.75,0.75,3.0630195,5.3130198
0.76000005,0.76000005,2.7739437,5.0539436
0.77000004,0.77000004,3.2355897,5.54559
0.78000003,0.78000003,2.8755648,5.2155647
0.79,0.79,3.798588,6.168588
0.8,0.8,3.4983604,5.8983607
0.81,0.81,3.726565,6.1565647
0.82,0.82,3.1562557,5.6162558
0.83,0.83,3.6592274,6.1492276
0.84000003,0.84000003,3.6004207,6.1204205
0.85,0.85,3.7672653,6.3172655
0.86,0.86,3.6477015,6.2277017
0.87,0.87,3.8141673,6.4241676
0.88,0.88,3.9524777,6.5924773
0.89,0.89,3.9280782,6.5980783
0.9,0.9,3.7942383,6.494238
0.90999997,0.90999997,3.763924,6.4939237
0.92,0.92,4.0471854,6.8071856
0.93,0.93,3.849015,6.639015
0.94,0.94,3.9002209,6.7202206
0.95,0.95,4.0627,6.9126997
0.96,0.96,4.0797777,6.9597774
0.96999997,0.96999997,3.5424771,6.452477
0.97999996,0.97999996,3.9234214,6.863421
0.98999995,0.98999995,3.854757,6.8247566
1.0,1.0,3.9524515,6.952451
1.01,1.01,4.2576227,7.2876225
1.02,1.02,4.4011874,7.4611874
1.03,1.03,3.9848323,7.074832
1.04,1.04,4.391651,7.511651
1.05,1.05,4.3187537,7.468754
1.06,1.06,4.006664,7.1866636
1.0699999,1.0699999,4.2880836,7.498083
1.0799999,1.0799999,4.3685617,7.6085615
1.0899999,1.0899999,4.2051916,7.4751916
1.0999999,1.0999999,4.0708475,7.370847
1.11,1.11,4.2881393,7.6181393
1.12,1.12,4.3433824,7.7033825
1.13,1.13,4.3276095,7.7176094
1.14,1.14,4.50064,7.92064
1.15,1.15,4.32073,7.77073
1.16,1.16,4.5575576,8.037558
1.17,1.17,4.2317977,7.7417974
1.18,1.18,4.211173,7.751173
1.19,1.19,4.492362,8.062362
1.2,1.2,4.6592298,8.25923
1.21,1.21,4.3326883,7.9626884
1.22,1.22,4.532011,8.192011
1.23,1.23,4.6895094,8.379509
1.24,1.24,4.9617276,8.681727
1.25,1.25,4.995474,8.745474
1.26,1.26,4.710175,8.490174
1.2700001,1.2700001,4.899229,8.709229
1.28,1.28,4.9205728,8.760573
1.29,1.29,4.5045156,8.374516
1.3,1.3,4.889664,8.789663
1.31,1.31,4.849689,8.779689
1.3199999,1.3199999,5.0338182,8.993818
1.3299999,1.3299999,5.2022777,9.192277
1.3399999,1.3399999,4.876943,8.896942
1.35,1.35,5.1871986,9.237199
1.36,1.36,4.877244,8.957244
1.37,1.37,5.1397586,9.249759
1.38,1.38,4.904836,9.044836
1.39,1.39,5.3186884,9.488688
1.4,1.4,5.317633,9.517633
1.41,1.41,5.348596,9.578596
1.42,1.42,5.383135,9.643135
1.4300001,1.4300001,5.061488,9.351488
1.44,1.44,5.83078,10.150781
1.45,1.45,5.2852063,9.635207
1.46,1.46,5.359113,9.739113
1.47,1.47,5.167058,9.577058
1.48,1.48,5.4389067,9.878907
1.49,1.49,5.4290867,9.899087
1.5,1.5,5.604752,10.104752
1.5100001,1.5100001,5.3223915,9.852391
1.52,1.52,5.850238,10.410238
1.53,1.53,5.270558,9.8605585
1.54,1.54,5.4289975,10.048998
1.55,1.55,5.7387843,10.388784
1.56,1.56,5.880612,10.560612
1.5699999,1.5699999,5.5188527,10.228853
1.5799999,1.5799999,5.758074,10.498074
1.59,1.59,5.7162857,10.486285
1.6,1.6,5.6297464,10.429747
1.61,1.61,5.7870445,10.617044
1.62,1.62,5.6445723,10.504572
1.63,1.63,6.1274834,11.017483
1.64,1.64,5.8617086,10.781709
1.65,1.65,5.968712,10.918712
1.66,1.66,6.299405,11.279405
1.6700001,1.6700001,6.3223495,11.33235
1.68,1.68,6.23206,11.272059
1.6899999,1.6899999,6.2833223,11.353322
1.6999999,1.6999999,6.1577334,11.257733
1.7099999,1.7099999,6.1943994,11.324399
1.7199999,1.7199999,6.448666,11.608665
1.7299999,1.7299999,6.313126,11.503125
1.7399999,1.7399999,6.169624,11.389624
1.75,1.75,6.520869,11.770868
1.76,1.76,6.1758823,11.455882
1.77,1.77,6.2030344,11.513034
1.78,1.78,5.984714,11.324714
1.79,1.79,6.6261187,11.996119
1.8,1.8,6.5006146,11.900614
1.81,1.81,6.8804064,12.310406
1.8199999,1.8199999,6.359049,11.819049
1.83,1.83,6.368971,11.858972
1.84,1.84,6.769952,12.289951
1.85,1.85,6.7127557,12.262755
1.86,1.86,6.6075854,12.187586
1.87,1.87,6.5281954,12.138195
1.88,1.88,6.9842877,12.624288
1.89,1.89,6.7426624,12.4126625
1.9,1.9,6.6747375,12.374737
1.9100001,1.9100001,6.587468,12.317469
1.92,1.92,6.4386783,12.198678
1.93,1.93,6.856598,12.646598
1.9399999,1.9399999,6.6198444,12.439844
1.9499999,1.9499999,7.115139,12.965139
1.9599999,1.9599999,6.956994,12.836993
1.9699999,1.9699999,6.7763624,12.686362
1.9799999,1.9799999,7.196124,13.136124
1.99,1.99,6.744425,12.714425
